          11          14          14          17          25          16
          12          14          21          12          13          11
          17          17          11          14          11          11
          26          50          24          39         126          48
          30          23          62         102          52          15
          29          23          40          86          53          20
          20          19          17          15          37          36
          21          14          25          29          17          11
          10          20          12          13          31          28
          27          10          14          27          33          23
          13          11          11          15          54          15
          31          34          24          13          49         116
          81          35          12          45          89         102
          33          18          11          89         265         257
          70          21          17          79         154         119
          37          67         330         291         136          26
          15          66         162         134          35          40
         150         151         110          26          20          12
          19          16          33          83          72          25
          48          70          70          20          25          13
          18          19          16          43          65          36
          18          19          15          11          12          17
          13          23         104          73          32          38
          30         119         236         114          28          15
         117         292         183         126          52          68
         210         175          99          15          51         246
         547         339         194          68          11          34
         177         214         153          76          13          22
          78         213         312         237         110          42
          11          29         205         237         276         135
          18          32          69         123         120          84
          35          13         120         234         271         100
          12          20          20          14          38          48
          49          35          18          35          84         147
         102          14          22          39          23          31
          27          36         115          73          30          61
          45          10          17          20          60          69
          20          69         186         156          39          23
          37          50          12         134         137          51
          52          43          15          26          31          61
         126         122          14          41          20          33
         176         129          30          23         117         123
          70          78          68          14          33         322
         631         370          76          63         274         335
         206          56          25          85         352         456
         369         104          19          90         442         879
         512         221          96          15          85         205
         257          95          13          21          23          32
         155         480         643         285         161          37
          62         127         204         218          53          25
          30          15          57         117         182         114
          63          38          38          64         243         313
          81          22          60          70          32          37
         117         210          65          16          38          44
          55         100          29          13          46          80
          21          11          30          66          17          14
          23          25          27          24          19          39
          71          37          25          49          22          45
          40          26         181         271         102          29
          12          14          23         252        1211        1107
         393          90          14          15          34         152
         139          43          15         126         510         977
         739         447          82          47          16          28
         101         175         425         597         402         230
          15         132         192         140         527         463
          85          30          11          17          15          76
         172         333         470         486         436         248
          28          16          14          46         502         481
         157          22          28          74         147         357
         424         181         119          74          16         126
         457         623         323          31          12          75
         193         539         731         244          24          62
         140         351         261          45          10          90
         261         576         648         218          19          43
         120         107          32          33          29          78
         328         466         190          39          12          33
          70          49          17          13          12          11
          69         152         126          14          15          57
          46          15          17          50          42          47
          42          11          16          14          16          12
          17          26          94          65          22          36
         259         445         242          62          10         141
         471        1029         977         690         209          24
          11          54         113          93          58          11
          89         424         911         923        1753        1051
         378         105          11          39          72         186
         511         566         283          69          12         137
         292         278         933        2137         941         424
          82          11          18          78         201         547
         556         582         241          70          24          25
          35         119         878        1271         874         465
         164          40          14          29          41          56
         163         494        1644         757         203          74
          16          23         116         279         376         486
         476         256          44          21          35          18
         101         188         373         676        1507        1056
         374         196          10          16          22         150
         200         167          81          22          78          23
          89         297         331         567         625         407
         165          82          70         116         173          64
          16          17          47         135         197         362
         263          55          29          16          52         130
          56          13          74         159         398         254
          28          14          49          28          67         209
         275          96          69         224         120          13
          37          74          19          22          11          17
          25         109         161          86          29          10
          68          54          26          19          16         298
         643         421         258          80          13          56
         199         123          62          48          16         233
        1110        1222         751         685         280          24
          19          25          52          64         235         441
         330         205          53         228        1791        3195
        1898        1845        1624         529          44          27
          33         109         168         675        1672        1687
        1116         282          50         914        3612        3490
        3957        2945        1139         277          19          19
          27          10          44         192         479        1033
        2825        3522        2082         653          72         129
         816        1286        1433        4280        2099         553
         126          12          12          36          30          30
          14          28         169         860        1556        1675
        2005        1165         500          99          12          49
          88          46         303         961         448         348
         124          11          19          39          60          70
         214         902        1888         653         289         186
         100          23          11          26          38         112
          56          11          30          13         128         222
         336         501         773         311          73          28
          17          18          21          87         211         147
         176         137          51          17          10          13
          51          51          74          23          20          26
          46          19          24          22          14          16
          71          94         177          84          10          38
          52          38          14          18          95         448
         545        1145         976          97          13          12
          19         169         275         161         151          87
          14          18          15          20          11          22
          51         242         756         820        1429        1366
         363          17          22          46          31          48
         388        1292         821         385         580         394
          18          24          61          84         116          18
          41          61         113         419         842        1000
         861         426         197          42          16         415
        2712        4840        2619        1197        1019         397
          14          48         111         158          23          21
          89         295        1231        2387        2345        1332
         337          70          34          14          54        1116
        3854        4730        3235        2026         686         102
          13          25          41         138         598        1267
        2611        3057        1947         788         111          25
         104         573         842         787        1126        1158
         429         108          13          25          13          93
         655        1100        1199        1264        1071         663
         148          19          21          35          22          31
         112         123         141          47          18          12
          23          25          53         229         442         256
         148         126          92          39          23          43
          50          35          53          30          11          10
          17          26          15          23          25          18
          52          15          30         116         190         705
         820          50          25          77         116          91
         130          58          15          10          71         262
         699        1082        3147        3849         638          12
          15         359         766         546         145         242
         265          82          17          71          96          48
          18          13         100         430         903        1290
        2890        3367        1463         110         123        1025
        1041         418         257        1075         910         346
          33          10          20         138         281         239
          96          13          17          49         233         435
         597         825         847         640         141          25
         140         366         165         121         939        2410
        1804         845          70          17          13          66
         211         246         107          18          63         335
         444         452         330         215         151          73
          41          16          28         122          56          38
         236         890        1528        1408         660          63
          32          35          16          32          31          19
          14          55         150         224         261         323
         267          79          29          15          14          23
          34          78         118         175         189          90
          20          18          15          12          30          96
          70          69         138         129          31          26
          12          10          15          19          13          37
          27          36         371         454          52          61
         665        1079         275          23          21          48
         331         501         293          17          18          47
         203         377         207          23          19          33
          96         496         695         189         489         177
         209         637        1243        1301         957         473
          49          30         114         156         431        1736
        2043         490         233         264          16          89
        1845        4059        4974        1686         534         347
          96          25          44          63          53          16
         106         217         462        1356        1600         737
          94          18         449        2858        3874        2402
         333         313         513         259          87          45
          94         205         200          35          12          48
          88         313         420         274          73          12
         313         761         488         122          91         565
         543         186         119         167         110         180
         212          36          18          29          75          62
          30          20          25         203         267         114
          14         114         467         163          32         136
         307         136          41          42          22          19
          24          23          12          22          42          59
         173         111          17          33         261         308
          28          86         133          19          33          12
          12          64          53          14          18          19
          23          40          19          12          15          12
          18          17          12          12          12          11
          10          11          10          14          16          16
          11         208         402          80          39          53
          15          10          95        1705        4445        1628
          31          30         123          81          22          22
         203        3282        8875        5085         152          12
          28          33          67          22          56         100
          28          72        1528        4641        4230         378
          13          38         284        2042        1872         500
          57          21         137         200        1274        4673
        1908          24         252        1025        3905        7884
        3736        1272         132          60         340         179
         445        2342        1933         117         114        1425
        4072        8172        5153        1460         619          68
          24          22          27          11          30         170
         120          51         222         174          17         269
        1358        2570        2826         844         143          88
          70          95         106         113          51          13
          26          44          17          85         243         489
         739         258         121         116          43          73
         137         125          49          19          38         171
         341         338          64          97          49          16
          77          60          10          26          16          24
         116          81          20         184         178          21
          37          53          25          14          24          21
          16          33          12          23          14          12
          17          19          17          24          12          12
          14          16          13          13          11          49
          67          26          10         172         734         306
          32         259         854         546         259          70
          13         112        1526        6312        4756          87
          50         623        1498        1920         764         431
          63          31         485        3901       12354       12102
         790          11         183         804        1209         859
         244          96         203         453         174          24
          12         452        2609        7517        9064        1400
          49          22          54         131         143          51
          23         377        4482        5652        1448         115
         107         519        1864        5228        2720         201
          78          26          29         258        2722       13196
        9455        1726          98          13          44          68
         419        2061        1740         176          34          16
          87         496        3731        8856        3535         493
          18          17          16          23         219         150
          20          17          61         497        2389        2505
         459          31          41         576        1128         460
          25          65         473         450          48          37
          28          10          20          15          10          11
          21          59         102          52          10          20
          33          75         123         134         159         214
         154          27          19          41          86         179
         201         152         141         107          22          13
          45          63          40          16          11          11
          12          19          15          11          45         292
         139          86          92          11          53         342
         297          80        1323        2703        1014         969
         380          21         135         694        2793        3123
         183          71        1072        5355        4505        1657
        1152         189          11          32         816        2781
        5813        6879         780          12         245        1259
        3262        1548         470         149          52         120
          57          15        1004        3556        3468        4621
         839          38          14          49         157         251
          61          80         922        1433         399          25
         250        1522         717        1445         613         205
          92          16          17         650        3673        3099
         493          11          21         251          99         296
         227         175          76          13          33        1385
        4079        1813         171          18          15          16
          95         994        1134         192          45         157
          45          10          14          12          11          15
          24          17          15          11          17          28
          24          33          42          86         152         154
         160         159         110          26          10          30
          68          94         151         210         376         466
         490         460         312         102          11          24
          57         133         186         290         257         226
         150          78          21          28          32          19
          12          10          11          22          21          13
          15          18          16          15          11          10
          37          21         114          67          13          53
          12         195         302         102         281          19
          27          52          11          46         229         119
          88          83          22         115         148          12
          39         843        1344        1111         667         229
          11         125         441         802         910         132
          21         297        2291        1770        1584         611
          78         795        2866        2209        1519         258
          55         243         867         421         317          56
         813        4808        2842         963         150          19
          31          12          21          23         149        2304
        1624         354          38          23          11          35
         186         104          19         403         415          99
          16          28          12          49         177          59
          16          39          14          12          29          29
          29          28          24          39          46          37
          83         116          63          20          59         121
         175         241         174         138         121         153
         359         709         446          72          11          79
         283         483         207         154         169         246
         545         765         361          36          51          90
          26          49          52          60         103          76
          18          10          12          11          13          14
          14          13          12          11         104          75
         180          73         161         761         201          16
         839        1050          13         437         768          84
          13        1062        2869         193         162         105
         558        1875         380         113         353         115
          24          66          39          43          44          11
          38          52          18         126         167         297
         261         104          74         231         437         209
          32          46         129         109         244         124
          14         307        1519        2056         559          43
          14          17          13          22         252        2437
        3420         742          26          31        1033        1837
         422         128         361          95          28          11
          27          25          22          17          10          18
          33          29          18          15          43         114
         110         141         128          89          54          45
          44          84         221         239         143          36
          11          86         216         541         885         692
         144          83         184         475         910         520
         131          11          69         421        1178         607
          62          83         286         493         521         158
          13          44         118          35          14          34
          36          15          15          16          14          11
          39          38          28         167        1215         448
          12          11         326         363          11        2291
        5800         885          16        1027        2678         215
         124        4271        4140         225        1328        5009
        1026         133        1069         351         740        2922
        1062          13          23         122         577         260
          17          34          11          23          17          11
          67         175          86          49         378         717
         253          30         420         810         249          90
         267          67          29          12          17          10
          13          29          46          33          19          21
          50          42          21          32          81         186
         233         195          57          16          11          21
          47          79          69          52          28          33
         125         327         716         734         396         156
          38          43         113         238         271         188
          77          30          50         239        1005        1337
         944         232          54         177         423         738
         452         128          15          39         244         571
         362          41          30         127         234         266
          84          22          24          21          15          25
          31          17          13          17          14          12
         146          85          47          39         871        3424
         773          17         276         656          78         116
        8190       12065        1061          25         576        2223
         674         841       12214        6661         156         601
        2361        1158          32         707        2721         427
         249        1157         626          26          63          93
          21         178         115          42          22          25
         113          41          13          74          23          13
          26          23          30          51          44          30
          16          49          39          17          50          92
         132         150         123          72          50          42
          33          23          34          90         139          63
          37         115         304         476         528         365
         317         293         132          32          24          76
         113         109         103          45          12          74
         284         643         897         756         717         376
          56          23         124         271         229         114
          65          16          70         307         496         391
         272          43          30         166         218         102
          30          19          26          16          22          16
          12          24         148          56          48          72
        1157        2590         329          22         261         612
         134         243        8306        7381         311          44
         568        1378         586        1240       10415        3263
          22          16         412         950         568          25
         887        2295         183          65         237         168
          13          84          95          12          14          25
          54          31          13          10          15          14
          11          12          14          13          27         100
         116          82          75          51          43          65
          77          57          51          56          50          39
          25          15          59         152         181         170
         164         174         206         199         166         160
         117          68          44          45          35          10
          30          86         147         205         264         245
         324         359         284         153          61          37
          35          34          21          24          66         118
         156         127         221         206          79          14
          20          37          30          13          13          13
          12          25          37          94          12          37
          64          11         716         920          50          11
         150         340          92         166        3110        1777
          27          16         254         555         237         431
        2693         542         127         312         205         230
         489          23          10          50          45          17
          18          18          14          21          22          25
          12          19          30          27          45          55
          32          40          70          79          92          93
          75          43          22          27          60          88
         141          92          68         104         165         148
         143         138         112          76          32          60
         114         100          76          73         109         163
         153         128         135          93          43          10
          13          26          31          37          35          52
          69          69          56          47          22          13
          15          11          14          14          13          31
          49          20         208         177          29          82
          32          32         402         175          38          96
          68          34         170          27          13          29
          41          15          15          12          33          18
          26          26          14          13          41          34
          14          21          30          37          42          37
          26          24          42          19          27          33
          32          33          30          24          25          12
          13          21          15          20          13          19
          12          11          10          16          10          10
          11          18          33          34          11          31
          51          46          28          24          18          11
          19          23          13          23          35          25
          12          18          23          12          26          33
          24          18          15          19          53          40
          18          13
