      255.000      255.000      255.000
      0.00000      0.00000      0.00000
      230.000      230.000      230.000
      200.000      200.000      200.000
      160.000      160.000      160.000
      0.00000      0.00000      0.00000
      18.0000      1.00000      1.00000
      36.0000      2.00000      3.00000
      54.0000      3.00000      5.00000
      72.0000      4.00000      7.00000
      90.0000      5.00000      9.00000
      108.000      6.00000      11.0000
      127.000      7.00000      13.0000
      145.000      8.00000      15.0000
      163.000      9.00000      17.0000
      181.000      10.0000      19.0000
      199.000      11.0000      21.0000
      217.000      12.0000      23.0000
      235.000      13.0000      25.0000
      254.000      14.0000      27.0000
      249.000      15.0000      29.0000
      244.000      16.0000      31.0000
      239.000      17.0000      33.0000
      234.000      18.0000      35.0000
      229.000      19.0000      37.0000
      223.000      20.0000      39.0000
      218.000      21.0000      41.0000
      213.000      22.0000      43.0000
      208.000      23.0000      45.0000
      203.000      24.0000      47.0000
      197.000      25.0000      49.0000
      192.000      26.0000      51.0000
      187.000      27.0000      53.0000
      182.000      28.0000      55.0000
      177.000      29.0000      57.0000
      172.000      30.0000      59.0000
      166.000      31.0000      61.0000
      161.000      32.0000      63.0000
      156.000      33.0000      65.0000
      151.000      34.0000      67.0000
      146.000      35.0000      69.0000
      140.000      36.0000      71.0000
      135.000      37.0000      73.0000
      130.000      38.0000      75.0000
      125.000      39.0000      77.0000
      120.000      40.0000      79.0000
      115.000      41.0000      81.0000
      109.000      42.0000      83.0000
      104.000      43.0000      85.0000
      99.0000      44.0000      87.0000
      94.0000      45.0000      89.0000
      89.0000      46.0000      91.0000
      83.0000      47.0000      93.0000
      78.0000      48.0000      95.0000
      73.0000      49.0000      97.0000
      63.0000      51.0000      101.000
      58.0000      52.0000      103.000
      52.0000      53.0000      105.000
      47.0000      54.0000      107.000
      42.0000      55.0000      109.000
      37.0000      56.0000      111.000
      32.0000      57.0000      113.000
      26.0000      58.0000      115.000
      21.0000      59.0000      117.000
      16.0000      60.0000      119.000
      11.0000      61.0000      121.000
      6.00000      62.0000      123.000
      0.00000      63.0000      125.000
      64.0000      64.0000      127.000
      65.0000      65.0000      129.000
      66.0000      66.0000      131.000
      67.0000      67.0000      133.000
      68.0000      68.0000      135.000
      69.0000      69.0000      137.000
      70.0000      70.0000      139.000
      71.0000      71.0000      141.000
      72.0000      72.0000      143.000
      73.0000      73.0000      145.000
      74.0000      74.0000      147.000
      75.0000      75.0000      149.000
      76.0000      76.0000      151.000
      77.0000      77.0000      153.000
      78.0000      78.0000      155.000
      79.0000      79.0000      157.000
      80.0000      80.0000      159.000
      81.0000      81.0000      161.000
      82.0000      82.0000      163.000
      83.0000      83.0000      165.000
      84.0000      84.0000      167.000
      85.0000      85.0000      169.000
      86.0000      86.0000      171.000
      87.0000      87.0000      173.000
      88.0000      88.0000      175.000
      89.0000      89.0000      177.000
      90.0000      90.0000      179.000
      91.0000      91.0000      181.000
      92.0000      92.0000      183.000
      93.0000      93.0000      185.000
      94.0000      94.0000      187.000
      95.0000      95.0000      189.000
      96.0000      96.0000      191.000
      97.0000      97.0000      193.000
      98.0000      98.0000      195.000
      99.0000      99.0000      197.000
      100.000      100.000      199.000
      102.000      102.000      203.000
      103.000      103.000      205.000
      104.000      104.000      207.000
      105.000      105.000      209.000
      106.000      106.000      211.000
      107.000      107.000      213.000
      108.000      108.000      215.000
      109.000      109.000      217.000
      110.000      110.000      219.000
      111.000      111.000      221.000
      112.000      112.000      223.000
      113.000      113.000      225.000
      114.000      114.000      227.000
      115.000      115.000      229.000
      116.000      116.000      231.000
      117.000      117.000      233.000
      118.000      118.000      235.000
      119.000      119.000      237.000
      120.000      120.000      239.000
      121.000      121.000      241.000
      122.000      122.000      243.000
      123.000      123.000      245.000
      124.000      124.000      247.000
      125.000      125.000      249.000
      126.000      126.000      251.000
      127.000      127.000      253.000
      128.000      128.000      255.000
      129.000      129.000      251.000
      130.000      130.000      247.000
      131.000      131.000      243.000
      132.000      132.000      238.000
      133.000      133.000      234.000
      134.000      134.000      230.000
      135.000      135.000      226.000
      136.000      136.000      221.000
      137.000      137.000      217.000
      138.000      138.000      213.000
      139.000      139.000      209.000
      140.000      140.000      204.000
      141.000      141.000      200.000
      142.000      142.000      196.000
      143.000      143.000      192.000
      144.000      144.000      187.000
      145.000      145.000      183.000
      146.000      146.000      179.000
      147.000      147.000      175.000
      148.000      148.000      170.000
      149.000      149.000      166.000
      150.000      150.000      162.000
      151.000      151.000      158.000
      153.000      153.000      149.000
      154.000      154.000      145.000
      155.000      155.000      141.000
      156.000      156.000      136.000
      157.000      157.000      132.000
      158.000      158.000      128.000
      159.000      159.000      124.000
      160.000      160.000      119.000
      161.000      161.000      115.000
      162.000      162.000      111.000
      163.000      163.000      107.000
      164.000      164.000      102.000
      165.000      165.000      98.0000
      166.000      166.000      94.0000
      167.000      167.000      90.0000
      168.000      168.000      85.0000
      169.000      169.000      81.0000
      170.000      170.000      77.0000
      171.000      171.000      73.0000
      172.000      172.000      68.0000
      173.000      173.000      64.0000
      174.000      174.000      60.0000
      175.000      175.000      56.0000
      176.000      176.000      51.0000
      177.000      177.000      47.0000
      178.000      178.000      43.0000
      179.000      179.000      39.0000
      180.000      180.000      34.0000
      181.000      181.000      30.0000
      182.000      182.000      26.0000
      183.000      183.000      22.0000
      184.000      184.000      17.0000
      185.000      185.000      13.0000
      186.000      186.000      9.00000
      187.000      187.000      5.00000
      188.000      188.000      0.00000
      189.000      189.000      3.00000
      190.000      190.000      7.00000
      191.000      191.000      11.0000
      192.000      192.000      15.0000
      193.000      193.000      19.0000
      194.000      194.000      22.0000
      195.000      195.000      26.0000
      196.000      196.000      30.0000
      197.000      197.000      34.0000
      198.000      198.000      38.0000
      199.000      199.000      41.0000
      200.000      200.000      45.0000
      201.000      201.000      49.0000
      202.000      202.000      53.0000
      204.000      204.000      60.0000
      205.000      205.000      64.0000
      206.000      206.000      68.0000
      207.000      207.000      72.0000
      208.000      208.000      76.0000
      209.000      209.000      79.0000
      210.000      210.000      83.0000
      211.000      211.000      87.0000
      212.000      212.000      91.0000
      213.000      213.000      95.0000
      214.000      214.000      98.0000
      215.000      215.000      102.000
      216.000      216.000      106.000
      217.000      217.000      110.000
      218.000      218.000      114.000
      219.000      219.000      117.000
      220.000      220.000      121.000
      221.000      221.000      125.000
      222.000      222.000      129.000
      223.000      223.000      133.000
      224.000      224.000      137.000
      225.000      225.000      140.000
      226.000      226.000      144.000
      227.000      227.000      148.000
      228.000      228.000      152.000
      229.000      229.000      156.000
      230.000      230.000      159.000
      231.000      231.000      163.000
      232.000      232.000      167.000
      233.000      233.000      171.000
      234.000      234.000      175.000
      235.000      235.000      178.000
      236.000      236.000      182.000
      237.000      237.000      186.000
      238.000      238.000      190.000
      239.000      239.000      194.000
      240.000      240.000      197.000
      241.000      241.000      201.000
      242.000      242.000      205.000
      243.000      243.000      209.000
      244.000      244.000      213.000
      245.000      245.000      216.000
      246.000      246.000      220.000
      247.000      247.000      224.000
      248.000      248.000      228.000
      249.000      249.000      232.000
      250.000      250.000      235.000
      251.000      251.000      239.000
      252.000      252.000      243.000
      253.000      253.000      247.000
      255.000      255.000      255.000
