      255.000      255.000      255.000
      0.00000      0.00000      0.00000
      230.000      230.000      230.000
      200.000      200.000      200.000
      160.000      160.000      160.000
      0.00000      0.00000      0.00000
      0.00000      0.00000      5.00000
      0.00000      0.00000      10.0000
      0.00000      0.00000      15.0000
      0.00000      0.00000      20.0000
      0.00000      0.00000      26.0000
      0.00000      0.00000      31.0000
      0.00000      0.00000      36.0000
      0.00000      0.00000      41.0000
      0.00000      0.00000      46.0000
      0.00000      0.00000      52.0000
      0.00000      0.00000      57.0000
      0.00000      0.00000      62.0000
      0.00000      0.00000      67.0000
      0.00000      0.00000      72.0000
      0.00000      0.00000      78.0000
      0.00000      0.00000      83.0000
      0.00000      0.00000      88.0000
      0.00000      0.00000      93.0000
      0.00000      0.00000      98.0000
      0.00000      0.00000      104.000
      0.00000      0.00000      109.000
      0.00000      0.00000      114.000
      0.00000      0.00000      119.000
      0.00000      0.00000      124.000
      0.00000      0.00000      130.000
      0.00000      0.00000      135.000
      0.00000      0.00000      140.000
      0.00000      0.00000      145.000
      0.00000      0.00000      150.000
      0.00000      0.00000      156.000
      0.00000      0.00000      161.000
      0.00000      0.00000      166.000
      0.00000      0.00000      171.000
      0.00000      0.00000      176.000
      0.00000      0.00000      182.000
      0.00000      0.00000      187.000
      0.00000      0.00000      192.000
      0.00000      0.00000      197.000
      0.00000      0.00000      202.000
      0.00000      0.00000      208.000
      0.00000      0.00000      213.000
      0.00000      0.00000      218.000
      0.00000      0.00000      223.000
      0.00000      0.00000      228.000
      0.00000      0.00000      234.000
      0.00000      0.00000      239.000
      0.00000      0.00000      244.000
      4.00000      0.00000      249.000
      9.00000      0.00000      255.000
      19.0000      0.00000      245.000
      23.0000      0.00000      239.000
      28.0000      0.00000      234.000
      33.0000      0.00000      228.000
      38.0000      0.00000      223.000
      42.0000      0.00000      218.000
      47.0000      0.00000      212.000
      52.0000      0.00000      207.000
      57.0000      0.00000      201.000
      61.0000      0.00000      196.000
      66.0000      0.00000      190.000
      71.0000      0.00000      185.000
      76.0000      0.00000      180.000
      81.0000      0.00000      174.000
      81.0000      0.00000      169.000
      81.0000      0.00000      163.000
      81.0000      0.00000      158.000
      81.0000      0.00000      152.000
      81.0000      0.00000      147.000
      81.0000      0.00000      142.000
      81.0000      0.00000      136.000
      80.0000      0.00000      131.000
      80.0000      0.00000      125.000
      80.0000      0.00000      120.000
      80.0000      0.00000      114.000
      80.0000      0.00000      109.000
      80.0000      0.00000      104.000
      80.0000      0.00000      98.0000
      79.0000      0.00000      93.0000
      84.0000      0.00000      87.0000
      89.0000      0.00000      82.0000
      94.0000      0.00000      76.0000
      99.0000      0.00000      71.0000
      104.000      0.00000      66.0000
      109.000      0.00000      60.0000
      114.000      0.00000      55.0000
      119.000      0.00000      49.0000
      124.000      0.00000      44.0000
      129.000      0.00000      38.0000
      134.000      0.00000      33.0000
      139.000      0.00000      28.0000
      144.000      0.00000      22.0000
      149.000      0.00000      17.0000
      154.000      0.00000      11.0000
      159.000      0.00000      6.00000
      164.000      0.00000      0.00000
      169.000      0.00000      0.00000
      174.000      0.00000      0.00000
      180.000      0.00000      0.00000
      185.000      0.00000      0.00000
      196.000      0.00000      0.00000
      201.000      0.00000      0.00000
      206.000      0.00000      0.00000
      212.000      0.00000      0.00000
      217.000      0.00000      0.00000
      222.000      0.00000      0.00000
      228.000      0.00000      0.00000
      233.000      0.00000      0.00000
      255.000      0.00000      0.00000
      255.000      0.00000      0.00000
      255.000      0.00000      0.00000
      255.000      0.00000      0.00000
      255.000      5.00000      0.00000
      255.000      10.0000      0.00000
      255.000      16.0000      0.00000
      255.000      21.0000      0.00000
      255.000      27.0000      0.00000
      255.000      32.0000      0.00000
      255.000      37.0000      0.00000
      255.000      43.0000      0.00000
      255.000      48.0000      0.00000
      255.000      54.0000      0.00000
      255.000      59.0000      0.00000
      255.000      64.0000      0.00000
      255.000      70.0000      0.00000
      255.000      75.0000      0.00000
      255.000      81.0000      0.00000
      255.000      85.0000      4.00000
      255.000      90.0000      9.00000
      255.000      95.0000      14.0000
      255.000      100.000      19.0000
      255.000      105.000      24.0000
      255.000      109.000      28.0000
      255.000      114.000      33.0000
      255.000      119.000      38.0000
      255.000      124.000      43.0000
      255.000      129.000      48.0000
      255.000      134.000      53.0000
      255.000      138.000      57.0000
      255.000      143.000      62.0000
      255.000      148.000      67.0000
      255.000      153.000      72.0000
      255.000      158.000      77.0000
      255.000      163.000      82.0000
      255.000      163.000      77.0000
      255.000      163.000      71.0000
      255.000      163.000      65.0000
      255.000      163.000      59.0000
      255.000      163.000      53.0000
      255.000      163.000      47.0000
      255.000      163.000      36.0000
      255.000      163.000      30.0000
      255.000      163.000      24.0000
      255.000      163.000      18.0000
      255.000      163.000      12.0000
      255.000      163.000      6.00000
      255.000      163.000      0.00000
      255.000      163.000      0.00000
      255.000      163.000      0.00000
      255.000      163.000      0.00000
      248.000      163.000      0.00000
      240.000      163.000      0.00000
      232.000      163.000      0.00000
      225.000      163.000      0.00000
      217.000      163.000      0.00000
      209.000      163.000      0.00000
      202.000      163.000      0.00000
      194.000      163.000      0.00000
      186.000      163.000      0.00000
      179.000      163.000      0.00000
      171.000      163.000      0.00000
      163.000      163.000      0.00000
      168.000      163.000      0.00000
      173.000      163.000      0.00000
      178.000      169.000      3.00000
      183.000      175.000      6.00000
      188.000      181.000      9.00000
      193.000      187.000      12.0000
      198.000      193.000      16.0000
      203.000      199.000      19.0000
      209.000      205.000      22.0000
      214.000      212.000      25.0000
      219.000      218.000      29.0000
      224.000      224.000      32.0000
      229.000      230.000      35.0000
      234.000      236.000      38.0000
      239.000      242.000      41.0000
      244.000      248.000      45.0000
      249.000      255.000      48.0000
      255.000      255.000      51.0000
      255.000      255.000      54.0000
      255.000      255.000      58.0000
      255.000      255.000      61.0000
      255.000      255.000      64.0000
      255.000      255.000      67.0000
      255.000      255.000      71.0000
      255.000      255.000      74.0000
      255.000      255.000      77.0000
      255.000      255.000      80.0000
      255.000      255.000      83.0000
      255.000      255.000      90.0000
      255.000      255.000      93.0000
      255.000      255.000      96.0000
      255.000      255.000      100.000
      255.000      255.000      103.000
      255.000      255.000      106.000
      255.000      255.000      109.000
      255.000      255.000      112.000
      255.000      255.000      116.000
      255.000      255.000      119.000
      255.000      255.000      122.000
      255.000      255.000      125.000
      255.000      255.000      129.000
      255.000      255.000      132.000
      255.000      255.000      135.000
      255.000      255.000      138.000
      255.000      255.000      142.000
      255.000      255.000      145.000
      255.000      255.000      148.000
      255.000      255.000      151.000
      255.000      255.000      154.000
      255.000      255.000      158.000
      255.000      255.000      161.000
      255.000      255.000      164.000
      255.000      255.000      167.000
      255.000      255.000      171.000
      255.000      255.000      174.000
      255.000      255.000      177.000
      255.000      255.000      180.000
      255.000      255.000      183.000
      255.000      255.000      187.000
      255.000      255.000      190.000
      255.000      255.000      193.000
      255.000      255.000      196.000
      255.000      255.000      200.000
      255.000      255.000      203.000
      255.000      255.000      206.000
      255.000      255.000      209.000
      255.000      255.000      213.000
      255.000      255.000      216.000
      255.000      255.000      219.000
      255.000      255.000      222.000
      255.000      255.000      225.000
      255.000      255.000      229.000
      255.000      255.000      232.000
      255.000      255.000      235.000
      255.000      255.000      238.000
      255.000      255.000      242.000
      255.000      255.000      245.000
      255.000      255.000      248.000
      255.000      255.000      255.000
